2.395574e+08 2.399894e+08 7.131599e-08 4.613111e-08 -2.391526e+00 nan
2.399894e+08 2.404214e+08 1.253464e-07 4.947850e-08 -2.238380e+00 2.721646e-01
2.404214e+08 2.408534e+08 3.065586e-07 6.080864e-08 -2.335892e+00 1.645346e-01
2.408534e+08 2.412854e+08 4.959909e-07 7.114100e-08 -2.571239e+00 1.485138e-01
2.412854e+08 2.417174e+08 4.668069e-07 6.339139e-08 -2.297302e+00 1.143166e-01
2.417174e+08 2.421494e+08 6.361625e-07 7.176043e-08 -2.380187e+00 1.033439e-01
2.421494e+08 2.425814e+08 1.255780e-06 9.159690e-08 -2.716508e+00 9.162142e-02
2.425814e+08 2.430134e+08 1.747910e-06 1.019808e-07 -2.423533e+00 5.960229e-02
2.430134e+08 2.434454e+08 1.728991e-06 1.120740e-07 -2.500446e+00 7.071360e-02
2.434454e+08 2.438774e+08 1.959432e-06 1.239561e-07 -2.440585e+00 6.469669e-02
2.438774e+08 2.443094e+08 4.781117e-07 8.583547e-08 -2.621954e+00 1.860011e-01
2.443094e+08 2.447414e+08 2.805387e-07 7.081120e-08 -2.659465e+00 2.597787e-01
2.447414e+08 2.451734e+08 3.347489e-07 7.402397e-08 -2.766159e+00 2.418824e-01
2.451734e+08 2.456054e+08 2.535094e-07 5.607865e-08 -2.185660e+00 1.566297e-01
2.456054e+08 2.460374e+08 1.625258e-07 5.105604e-08 -2.352797e+00 2.328654e-01
2.460374e+08 2.464694e+08 4.704940e-07 7.046967e-08 -2.621763e+00 1.588876e-01
2.464694e+08 2.469014e+08 3.999825e-07 6.409851e-08 -2.245008e+00 1.269970e-01
2.469014e+08 2.473334e+08 2.750885e-07 5.833894e-08 -2.130740e+00 1.484490e-01
2.473334e+08 2.477654e+08 3.860287e-07 6.878156e-08 -2.412361e+00 1.514297e-01
2.477654e+08 2.481974e+08 2.775665e-07 6.783813e-08 -2.369729e+00 1.964386e-01
2.481974e+08 2.486294e+08 3.971930e-07 8.642380e-08 -3.462160e+00 4.342506e-01
2.486294e+08 2.490614e+08 1.973468e-07 7.133544e-08 -2.254977e+00 2.548807e-01
2.490614e+08 2.494934e+08 1.549296e-07 5.864511e-08 -2.395738e+00 2.900237e-01
2.494934e+08 2.499254e+08 1.661035e-07 6.181667e-08 -2.462062e+00 2.864735e-01
2.499254e+08 2.503574e+08 2.384284e-07 5.586224e-08 -2.323170e+00 1.849548e-01
2.503574e+08 2.507894e+08 2.090479e-07 5.881991e-08 -2.680627e+00 2.979563e-01
2.507894e+08 2.512214e+08 1.794716e-07 5.084812e-08 -2.565065e+00 2.618389e-01
2.512214e+08 2.516534e+08 1.699941e-07 5.655456e-08 -2.537271e+00 3.017194e-01
2.516534e+08 2.520854e+08 3.294742e-07 6.209024e-08 -2.426328e+00 1.636869e-01
2.520854e+08 2.525174e+08 5.132203e-07 7.622885e-08 -2.749747e+00 1.716833e-01
2.525174e+08 2.529494e+08 4.591106e-07 7.570089e-08 -2.423534e+00 1.461315e-01
2.529494e+08 2.533814e+08 2.548570e-06 1.404631e-07 -2.402872e+00 5.593987e-02
2.533814e+08 2.538134e+08 3.715666e-06 1.622694e-07 -2.323941e+00 4.298344e-02
2.538134e+08 2.542454e+08 1.676814e-06 1.080508e-07 -2.272976e+00 5.896040e-02
2.542454e+08 2.546774e+08 1.746179e-06 1.033188e-07 -2.306678e+00 5.501449e-02
2.546774e+08 2.551094e+08 8.034407e-07 8.087795e-08 -2.411173e+00 9.730533e-02
2.551094e+08 2.555414e+08 7.020399e-07 6.832524e-08 -2.307259e+00 8.819638e-02
2.555414e+08 2.559734e+08 5.878850e-07 6.889235e-08 -2.277559e+00 1.014127e-01
2.559734e+08 2.564054e+08 1.059919e-06 8.586267e-08 -2.510828e+00 8.625125e-02
2.564054e+08 2.568374e+08 5.188860e-07 7.341370e-08 -2.443183e+00 1.279105e-01
2.568374e+08 2.572694e+08 3.341225e-07 7.002583e-08 -2.591128e+00 2.194150e-01
2.572694e+08 2.577014e+08 5.743165e-07 8.536885e-08 -2.502805e+00 1.440784e-01
2.577014e+08 2.581334e+08 2.423978e-07 7.737439e-08 -2.547386e+00 2.819519e-01
2.581334e+08 2.585654e+08 2.455151e-06 1.589390e-07 -2.298442e+00 6.117775e-02
2.585654e+08 2.589974e+08 2.960430e-06 2.249011e-07 -2.125856e+00 6.377717e-02
2.589974e+08 2.594294e+08 3.736220e-06 1.403694e-07 -2.343341e+00 3.742126e-02
2.594294e+08 2.598614e+08 5.274722e-06 1.537648e-07 -2.193033e+00 2.666552e-02
2.598614e+08 2.602934e+08 3.033177e-06 1.294135e-07 -2.456740e+00 4.677277e-02
2.602934e+08 2.607254e+08 2.361148e-06 1.132798e-07 -2.410019e+00 5.031869e-02
2.607254e+08 2.611574e+08 1.818918e-06 1.015028e-07 -2.332921e+00 5.353724e-02
2.611574e+08 2.615894e+08 1.255676e-06 9.631373e-08 -2.562043e+00 8.489725e-02
2.615894e+08 2.620214e+08 9.611676e-07 9.172589e-08 -2.447824e+00 9.531935e-02
2.620214e+08 2.624534e+08 4.088267e-06 1.705781e-07 -2.478966e+00 4.542956e-02
2.624534e+08 2.628854e+08 5.197941e-06 1.932737e-07 -2.429895e+00 3.953060e-02
2.628854e+08 2.633174e+08 2.830061e-06 1.560988e-07 -2.524378e+00 6.076563e-02
2.633174e+08 2.637494e+08 2.639302e-06 1.396923e-07 -2.226724e+00 4.764338e-02
2.637494e+08 2.641814e+08 2.344396e-06 1.198326e-07 -2.378276e+00 5.145636e-02
2.641814e+08 2.646134e+08 1.575820e-06 1.003746e-07 -2.408267e+00 6.506246e-02
2.646134e+08 2.650454e+08 1.474330e-06 9.456265e-08 -2.499769e+00 7.073911e-02
2.650454e+08 2.654774e+08 1.636892e-06 9.869721e-08 -2.386501e+00 6.054762e-02
2.654774e+08 2.659094e+08 1.864000e-06 1.071517e-07 -2.474309e+00 6.159774e-02
2.659094e+08 2.663414e+08 1.977401e-06 1.089508e-07 -2.386100e+00 5.527029e-02
2.663414e+08 2.667734e+08 1.554445e-06 1.058105e-07 -2.388444e+00 6.689052e-02
2.667734e+08 2.672054e+08 1.571019e-06 1.211595e-07 -2.475206e+00 7.886678e-02
2.672054e+08 2.676374e+08 1.627430e-06 1.175191e-07 -2.450126e+00 7.430368e-02
2.676374e+08 2.680694e+08 1.723578e-06 1.202265e-07 -2.479489e+00 7.286114e-02
2.680694e+08 2.685014e+08 1.701177e-06 1.047651e-07 -2.392482e+00 6.072374e-02
2.685014e+08 2.689334e+08 1.553636e-06 9.545046e-08 -2.291462e+00 5.699388e-02
2.689334e+08 2.693654e+08 1.310927e-06 9.107762e-08 -2.372561e+00 6.853385e-02
2.693654e+08 2.697974e+08 1.592166e-06 9.398216e-08 -2.387236e+00 5.989205e-02
2.697974e+08 2.702294e+08 1.316047e-06 8.976765e-08 -2.315167e+00 6.437399e-02
2.702294e+08 2.706614e+08 4.599158e-07 6.627077e-08 -2.364655e+00 1.244180e-01
2.706614e+08 2.710934e+08 2.825341e-07 6.392767e-08 -2.324041e+00 1.780401e-01
2.710934e+08 2.715254e+08 3.486696e-07 7.314588e-08 -2.602601e+00 2.096129e-01
2.715254e+08 2.719574e+08 3.492694e-07 8.816100e-08 -2.875909e+00 3.046147e-01
2.719574e+08 2.723894e+08 8.270890e-07 9.548943e-08 -2.458762e+00 1.129454e-01
2.723894e+08 2.728214e+08 6.665212e-07 8.681679e-08 -2.443307e+00 1.244943e-01
2.728214e+08 2.732534e+08 6.394528e-07 7.606484e-08 -2.303318e+00 1.025563e-01
2.732534e+08 2.736854e+08 2.613991e-07 6.232069e-08 -2.362335e+00 1.932069e-01
2.736854e+08 2.741174e+08 2.037012e-07 5.076944e-08 -2.386753e+00 2.010139e-01
2.741174e+08 2.745494e+08 2.029926e-07 5.581895e-08 -2.528810e+00 2.531450e-01
2.745494e+08 2.749814e+08 3.528842e-07 6.672304e-08 -2.468057e+00 1.730801e-01
2.749814e+08 2.754134e+08 3.366778e-07 7.171586e-08 -2.265006e+00 1.616492e-01
2.754134e+08 2.758454e+08 3.381894e-07 8.765802e-08 -2.409490e+00 2.128702e-01
2.758454e+08 2.762774e+08 5.323758e-07 1.086363e-07 -2.801200e+00 2.400215e-01
2.762774e+08 2.767094e+08 4.597717e-07 9.754002e-08 -2.302845e+00 1.806820e-01
2.767094e+08 2.771414e+08 7.762909e-07 1.184540e-07 -2.397985e+00 1.350664e-01
2.771414e+08 2.775734e+08 5.085659e-07 9.718865e-08 -2.259281e+00 1.443731e-01
2.775734e+08 2.780054e+08 5.151385e-07 9.522370e-08 -2.687238e+00 2.011897e-01
2.780054e+08 2.784374e+08 2.815137e-07 5.998612e-08 -2.346299e+00 1.788927e-01
2.784374e+08 2.788694e+08 3.235545e-07 5.938270e-08 -2.256297e+00 1.447053e-01
2.788694e+08 2.793014e+08 3.316039e-07 6.242749e-08 -2.471500e+00 1.753551e-01
2.793014e+08 2.797334e+08 4.961441e-07 8.547583e-08 -2.528080e+00 1.620617e-01
2.797334e+08 2.801654e+08 7.483629e-07 1.117258e-07 -2.517661e+00 1.491567e-01
2.801654e+08 2.805974e+08 6.717527e-07 1.093998e-07 -2.602520e+00 1.667394e-01
2.805974e+08 2.810294e+08 2.924031e-07 8.390826e-08 -2.079703e+00 1.875689e-01
2.810294e+08 2.814614e+08 5.916459e-07 1.052574e-07 -2.402926e+00 1.581609e-01
2.814614e+08 2.818934e+08 4.838520e-07 1.161385e-07 -2.726911e+00 2.441797e-01
2.818934e+08 2.823254e+08 1.605759e-06 1.484415e-07 -2.721179e+00 1.088031e-01
2.823254e+08 2.827574e+08 1.872309e-06 1.277771e-07 -2.321080e+00 6.363134e-02
2.827574e+08 2.831894e+08 1.752753e-06 1.038857e-07 -2.473596e+00 6.459028e-02
2.831894e+08 2.836214e+08 1.721569e-06 1.012122e-07 -2.354872e+00 5.856043e-02
2.836214e+08 2.840534e+08 1.993878e-06 1.118478e-07 -2.345992e+00 5.603203e-02
2.840534e+08 2.844854e+08 1.373385e-06 1.093608e-07 -2.313028e+00 7.235902e-02
2.844854e+08 2.849174e+08 1.968408e-06 1.525116e-07 -2.453131e+00 7.602357e-02
2.849174e+08 2.853494e+08 2.589300e-06 1.754101e-07 -2.411050e+00 6.673953e-02
2.853494e+08 2.857814e+08 1.350818e-06 1.383342e-07 -2.366292e+00 9.545860e-02
2.857814e+08 2.862134e+08 5.816866e-07 1.148213e-07 -2.727048e+00 2.191433e-01
2.862134e+08 2.866454e+08 6.600347e-07 1.216278e-07 -2.945357e+00 2.486726e-01
2.866454e+08 2.870774e+08 6.909623e-07 1.046858e-07 -2.539676e+00 1.532144e-01
2.870774e+08 2.875094e+08 6.802960e-07 8.765018e-08 -2.414447e+00 1.199033e-01
2.875094e+08 2.879414e+08 7.468164e-07 7.836424e-08 -2.338803e+00 9.906372e-02
2.879414e+08 2.883734e+08 3.703424e-07 6.524687e-08 -2.571375e+00 1.792207e-01
2.883734e+08 2.888054e+08 1.512603e-07 5.191389e-08 -2.219422e+00 2.297891e-01
2.888054e+08 2.892374e+08 3.050991e-07 7.793338e-08 -2.257713e+00 1.875388e-01
2.892374e+08 2.896694e+08 2.269502e-07 8.316908e-08 -2.402103e+00 2.731593e-01
2.896694e+08 2.901014e+08 3.063430e-07 9.181562e-08 -2.403378e+00 2.298029e-01
2.901014e+08 2.905334e+08 3.733954e-07 8.677863e-08 -2.373925e+00 2.053885e-01
2.905334e+08 2.909654e+08 1.581494e-06 1.447607e-07 -2.405106e+00 8.849217e-02
2.909654e+08 2.913974e+08 9.137127e-07 1.155701e-07 -2.464074e+00 1.196694e-01
2.913974e+08 2.918294e+08 6.936434e-07 1.001644e-07 -2.652366e+00 1.535440e-01
2.918294e+08 2.922614e+08 7.061549e-07 9.266977e-08 -2.427704e+00 1.249738e-01
2.922614e+08 2.926934e+08 7.221557e-07 8.858911e-08 -2.382196e+00 1.172594e-01
2.926934e+08 2.931254e+08 8.827573e-07 8.415205e-08 -2.574581e+00 1.042825e-01
2.931254e+08 2.935574e+08 5.508568e-07 8.507990e-08 -2.637132e+00 1.642167e-01
2.935574e+08 2.939894e+08 6.429333e-07 9.744563e-08 -2.394947e+00 1.380446e-01
2.939894e+08 2.944214e+08 5.263154e-07 9.509975e-08 -2.316155e+00 1.501753e-01
2.944214e+08 2.948534e+08 4.110111e-07 9.674368e-08 -2.783904e+00 2.462174e-01
2.948534e+08 2.952854e+08 5.588244e-07 1.008655e-07 -2.600060e+00 1.964767e-01
2.952854e+08 2.957174e+08 3.936985e-07 8.752903e-08 -2.364263e+00 1.913058e-01
2.957174e+08 2.961494e+08 3.841143e-07 7.446914e-08 -2.236178e+00 1.407875e-01
2.961494e+08 2.965814e+08 5.813490e-07 8.550539e-08 -2.497872e+00 1.437122e-01
2.965814e+08 2.970134e+08 3.932081e-07 6.448748e-08 -2.214967e+00 1.339656e-01
2.970134e+08 2.974454e+08 3.558704e-07 6.202637e-08 -2.401142e+00 1.550380e-01
2.974454e+08 2.978774e+08 4.720395e-07 7.421529e-08 -2.454279e+00 1.453577e-01
2.978774e+08 2.983094e+08 4.030390e-07 7.485465e-08 -2.408101e+00 1.625503e-01
2.983094e+08 2.987414e+08 3.307488e-07 8.808552e-08 -2.514702e+00 2.519956e-01
2.987414e+08 2.991734e+08 2.378557e-07 8.152079e-08 -2.664155e+00 3.203612e-01
2.991734e+08 2.996054e+08 3.487834e-07 9.518890e-08 -2.600263e+00 2.692892e-01
2.996054e+08 3.000374e+08 2.620625e-07 9.380088e-08 -2.544315e+00 3.222967e-01
3.000374e+08 3.004694e+08 4.556983e-07 9.609643e-08 -2.644800e+00 2.213550e-01
3.004694e+08 3.009014e+08 6.520418e-07 9.609696e-08 -2.544224e+00 1.452209e-01
3.009014e+08 3.013334e+08 4.936382e-07 7.379756e-08 -2.554630e+00 1.545400e-01
3.013334e+08 3.017654e+08 9.831979e-07 7.945603e-08 -2.311559e+00 7.535471e-02
3.017654e+08 3.021974e+08 7.702795e-07 8.028947e-08 -2.636034e+00 1.189716e-01
3.021974e+08 3.026294e+08 6.003079e-07 7.465559e-08 -2.479600e+00 1.234390e-01
3.026294e+08 3.030614e+08 8.231553e-07 9.054390e-08 -2.321816e+00 9.757060e-02
3.030614e+08 3.034934e+08 6.727228e-07 9.821119e-08 -2.412763e+00 1.276096e-01
3.034934e+08 3.039254e+08 9.299708e-07 1.113327e-07 -2.426561e+00 1.153886e-01
3.039254e+08 3.043574e+08 7.093255e-07 9.635234e-08 -2.204024e+00 1.087558e-01
3.043574e+08 3.047894e+08 6.581891e-07 1.032206e-07 -2.577710e+00 1.614991e-01
3.047894e+08 3.052214e+08 5.419348e-07 9.840805e-08 -2.435358e+00 1.552471e-01
3.052214e+08 3.056534e+08 5.375961e-07 8.993534e-08 -2.633176e+00 1.758142e-01
3.056534e+08 3.060854e+08 5.375147e-07 6.800896e-08 -2.270666e+00 1.060141e-01
3.060854e+08 3.065174e+08 3.260269e-07 5.922188e-08 -2.407535e+00 1.615751e-01
3.065174e+08 3.069494e+08 2.354494e-07 5.749706e-08 -2.347066e+00 1.894059e-01
3.069494e+08 3.073814e+08 8.163584e-07 2.522656e-07 -2.565599e+00 3.284229e-01
3.073814e+08 3.078134e+08 3.553472e-07 8.072054e-08 -2.497806e+00 2.012451e-01
3.078134e+08 3.082454e+08 4.054462e-07 9.965231e-08 -2.457248e+00 2.111275e-01
3.082454e+08 3.086774e+08 1.283184e-07 7.326930e-08 -1.953560e+00 2.879837e-01
3.086774e+08 3.091094e+08 3.636672e-07 1.058383e-07 -2.762422e+00 3.512385e-01
3.091094e+08 3.095414e+08 6.315233e-07 1.070121e-07 -2.355940e+00 1.410574e-01
3.095414e+08 3.099734e+08 2.423961e-07 8.263645e-08 -2.294952e+00 2.403722e-01
3.099734e+08 3.104054e+08 2.173634e-07 7.968746e-08 -2.705082e+00 3.531713e-01
3.104054e+08 3.108374e+08 1.118284e-07 4.141472e-08 -2.391526e+00 nan
3.108374e+08 3.112694e+08 2.554962e-07 6.650543e-08 -2.717836e+00 2.845448e-01
3.112694e+08 3.117014e+08 2.695874e-07 5.892573e-08 -2.262888e+00 1.688097e-01
3.117014e+08 3.121334e+08 5.770183e-07 9.434073e-08 -3.086908e+00 2.474539e-01
3.121334e+08 3.125654e+08 4.148780e-07 1.040281e-07 -2.638754e+00 2.436830e-01
3.125654e+08 3.129974e+08 5.790118e-07 1.034412e-07 -2.316875e+00 1.468266e-01
3.129974e+08 3.134294e+08 3.725564e-07 9.170279e-08 -2.345158e+00 1.993156e-01
3.134294e+08 3.138614e+08 4.330660e-07 9.393350e-08 -2.243778e+00 1.635910e-01
3.138614e+08 3.142934e+08 4.449821e-07 1.015685e-07 -2.577854e+00 2.153053e-01
3.142934e+08 3.147254e+08 3.693816e-07 8.379386e-08 -2.431067e+00 1.963719e-01
3.147254e+08 3.151574e+08 3.303805e-07 7.417381e-08 -2.368578e+00 1.861648e-01
3.151574e+08 3.155894e+08 4.583716e-07 6.060941e-08 -2.604502e+00 1.453984e-01
3.155894e+08 3.160214e+08 5.122877e-07 5.690483e-08 -2.262941e+00 9.718109e-02
3.160214e+08 3.164534e+08 4.121863e-07 7.442124e-08 -2.788744e+00 2.095181e-01
3.164534e+08 3.168854e+08 5.250539e-07 9.329804e-08 -2.581919e+00 1.744992e-01
3.168854e+08 3.173174e+08 3.024727e-07 9.408789e-08 -2.580461e+00 2.962657e-01
3.173174e+08 3.177494e+08 3.442358e-07 8.723508e-08 -2.404061e+00 2.126461e-01
3.177494e+08 3.181814e+08 2.002910e-07 8.653906e-08 -2.413459e+00 3.198332e-01
3.181814e+08 3.186134e+08 1.270994e-07 6.157312e-08 -2.391526e+00 nan
3.186134e+08 3.190454e+08 3.450565e-07 9.179151e-08 -2.601274e+00 2.645169e-01
3.190454e+08 3.194774e+08 2.484878e-07 8.389306e-08 -2.755983e+00 3.775852e-01
3.194774e+08 3.199094e+08 2.116510e-07 6.424024e-08 -2.639576e+00 2.959021e-01
3.199094e+08 3.203414e+08 4.564596e-07 7.063221e-08 -2.627043e+00 1.726967e-01
3.203414e+08 3.207734e+08 1.036126e-06 8.188904e-08 -2.325870e+00 7.496169e-02
3.207734e+08 3.212054e+08 3.249181e-07 7.002132e-08 -2.281758e+00 1.658853e-01
3.212054e+08 3.216374e+08 1.484176e-07 5.714357e-08 -2.391526e+00 nan
3.216374e+08 3.220694e+08 1.623789e-07 6.234932e-08 -2.391526e+00 nan
3.220694e+08 3.225014e+08 1.065605e-07 4.821154e-08 -2.391526e+00 nan
3.225014e+08 3.229334e+08 1.603263e-07 6.970905e-08 -2.391526e+00 nan
3.229334e+08 3.233654e+08 1.420417e-07 6.114669e-08 -2.391526e+00 nan
3.233654e+08 3.237974e+08 1.611511e-07 7.537721e-08 -2.216987e+00 3.210382e-01
3.237974e+08 3.242294e+08 8.931123e-07 9.561223e-08 -2.457443e+00 1.056418e-01
3.242294e+08 3.246614e+08 1.028364e-06 1.729807e-07 -2.458682e+00 1.669336e-01
3.246614e+08 3.250934e+08 5.413692e-07 8.415394e-08 -2.407325e+00 1.472112e-01
3.250934e+08 3.255254e+08 5.283789e-07 6.943598e-08 -2.298078e+00 1.147509e-01
3.255254e+08 3.259574e+08 6.696308e-07 9.118266e-08 -2.517541e+00 1.394203e-01
3.259574e+08 3.263894e+08 3.584093e-07 8.522584e-08 -2.338843e+00 1.864262e-01
3.263894e+08 3.268214e+08 3.405009e-07 8.482799e-08 -2.153310e+00 1.679617e-01
3.268214e+08 3.272534e+08 1.530075e-07 5.808841e-08 -2.229088e+00 nan
3.272534e+08 3.276854e+08 2.620897e-07 9.695366e-08 -2.561629e+00 3.504772e-01
3.276854e+08 3.281174e+08 2.809890e-07 8.000272e-08 -2.265191e+00 2.051969e-01
3.281174e+08 3.285494e+08 2.759537e-07 1.019516e-07 -2.738948e+00 3.841360e-01
3.285494e+08 3.289814e+08 2.084383e-07 6.212047e-08 -2.151315e+00 1.983063e-01
3.289814e+08 3.294134e+08 2.851220e-07 6.034038e-08 -2.361501e+00 1.850243e-01
3.294134e+08 3.298454e+08 6.711390e-07 7.190975e-08 -2.297650e+00 9.338142e-02
3.298454e+08 3.302774e+08 1.631783e-07 5.444655e-08 -2.264812e+00 2.409766e-01
3.302774e+08 3.307094e+08 2.815922e-07 7.410057e-08 -2.251028e+00 1.945314e-01
3.307094e+08 3.311414e+08 2.436525e-06 1.584726e-07 -2.227727e+00 5.530756e-02
3.311414e+08 3.315734e+08 4.039487e-06 1.954965e-07 -2.235710e+00 4.350595e-02
3.315734e+08 3.320054e+08 1.172892e-06 1.257705e-07 -2.256303e+00 9.015185e-02
3.320054e+08 3.324374e+08 5.936769e-07 1.033498e-07 -2.280850e+00 1.388916e-01
3.324374e+08 3.328694e+08 1.194432e-06 1.235358e-07 -2.378652e+00 9.426221e-02
3.328694e+08 3.333014e+08 2.009218e-06 1.340506e-07 -2.251008e+00 5.855957e-02
3.333014e+08 3.337334e+08 1.462531e-06 1.049617e-07 -2.262085e+00 6.574934e-02
3.337334e+08 3.341654e+08 5.778542e-07 7.470608e-08 -2.643667e+00 1.475332e-01
3.341654e+08 3.345974e+08 8.487725e-07 7.768627e-08 -2.199900e+00 7.686408e-02
3.345974e+08 3.350294e+08 1.745972e-06 1.173660e-07 -2.449853e+00 7.016086e-02
3.350294e+08 3.354614e+08 1.623379e-06 1.322795e-07 -2.466372e+00 8.106309e-02
3.354614e+08 3.358934e+08 8.171931e-07 1.214856e-07 -2.506160e+00 1.420786e-01
3.358934e+08 3.363254e+08 8.102368e-07 1.294937e-07 -2.717539e+00 1.764108e-01
3.363254e+08 3.367574e+08 3.905430e-07 7.739736e-08 -2.553691e+00 1.877830e-01
3.367574e+08 3.371894e+08 5.169029e-07 1.159535e-07 -2.726164e+00 2.457489e-01
3.371894e+08 3.376214e+08 5.757608e-07 1.143395e-07 -2.540123e+00 1.769354e-01
3.376214e+08 3.380534e+08 5.154881e-07 8.671571e-08 -2.407164e+00 1.563283e-01
3.380534e+08 3.384854e+08 4.663216e-07 7.618475e-08 -2.456496e+00 1.531577e-01
3.384854e+08 3.389174e+08 2.550538e-07 5.577551e-08 -2.266063e+00 1.721299e-01
3.389174e+08 3.393494e+08 4.961306e-07 7.170685e-08 -2.414706e+00 1.344337e-01
3.393494e+08 3.397814e+08 6.113048e-07 8.789686e-08 -2.323148e+00 1.231150e-01
3.397814e+08 3.402134e+08 2.374148e-06 1.592539e-07 -2.467201e+00 6.795315e-02
3.402134e+08 3.406454e+08 4.419319e-06 2.209862e-07 -2.423109e+00 5.106200e-02
3.406454e+08 3.410774e+08 7.376006e-06 2.699013e-07 -2.091866e+00 3.035929e-02
3.410774e+08 3.415094e+08 1.380398e-06 1.463783e-07 -2.545775e+00 1.084496e-01
3.415094e+08 3.419414e+08 2.886197e-06 1.823071e-07 -2.447496e+00 6.389163e-02
3.419414e+08 3.423734e+08 7.048326e-06 2.352532e-07 -2.305091e+00 3.204251e-02
3.423734e+08 3.428054e+08 5.789203e-06 1.852148e-07 -2.279502e+00 3.118590e-02
3.428054e+08 3.432374e+08 1.724601e-06 1.105339e-07 -2.528512e+00 7.148807e-02
3.432374e+08 3.436694e+08 2.275350e-06 1.153287e-07 -2.500064e+00 5.743651e-02
3.436694e+08 3.441014e+08 5.385981e-07 7.678794e-08 -2.585824e+00 1.538638e-01
3.441014e+08 3.445334e+08 7.259965e-07 1.005632e-07 -2.723592e+00 1.561003e-01
3.445334e+08 3.449654e+08 6.881697e-07 1.060757e-07 -2.528548e+00 1.438064e-01
3.449654e+08 3.453974e+08 4.948283e-07 1.015055e-07 -2.969204e+00 2.577412e-01
3.453974e+08 3.458294e+08 5.849601e-07 1.106606e-07 -3.032986e+00 2.698563e-01
3.458294e+08 3.462614e+08 6.923605e-07 1.090915e-07 -2.604507e+00 1.581139e-01
3.462614e+08 3.466934e+08 3.268338e-07 9.219021e-08 -2.765410e+00 2.872093e-01
3.466934e+08 3.471254e+08 4.612850e-07 7.928345e-08 -2.436657e+00 1.608924e-01
3.471254e+08 3.475574e+08 4.063039e-07 7.073251e-08 -2.676417e+00 1.839711e-01
3.475574e+08 3.479894e+08 6.761220e-07 7.180688e-08 -2.521577e+00 1.092756e-01
3.479894e+08 3.484214e+08 9.879961e-07 8.534462e-08 -2.525412e+00 9.333193e-02
3.484214e+08 3.488534e+08 9.258655e-07 8.575467e-08 -2.445542e+00 9.240583e-02
3.488534e+08 3.492854e+08 1.018363e-06 1.009781e-07 -2.621124e+00 1.125960e-01
3.492854e+08 3.497174e+08 2.106750e-06 1.371283e-07 -2.331435e+00 6.139341e-02
3.497174e+08 3.501494e+08 4.399131e-06 1.906150e-07 -2.433518e+00 4.588104e-02
3.501494e+08 3.505814e+08 3.200950e-06 1.729554e-07 -2.397928e+00 5.513439e-02
3.505814e+08 3.510134e+08 2.439484e-06 1.567262e-07 -2.411622e+00 6.486730e-02
3.510134e+08 3.514454e+08 3.504269e-06 1.616961e-07 -2.448407e+00 4.889171e-02
3.514454e+08 3.518774e+08 4.639299e-06 1.680380e-07 -2.373972e+00 3.737272e-02
3.518774e+08 3.523094e+08 5.973335e-06 1.706691e-07 -2.374679e+00 3.025415e-02
3.523094e+08 3.527414e+08 5.649864e-06 1.573357e-07 -2.295202e+00 2.801101e-02
3.527414e+08 3.531734e+08 3.158725e-06 1.702244e-07 -2.343544e+00 5.415019e-02
3.531734e+08 3.536054e+08 4.511184e-06 1.669900e-07 -2.512616e+00 4.239198e-02
3.536054e+08 3.540374e+08 3.158840e-06 1.641520e-07 -2.561944e+00 5.820024e-02
3.540374e+08 3.544694e+08 7.603310e-07 1.115306e-07 -2.531432e+00 1.455084e-01
3.544694e+08 3.549014e+08 4.825581e-07 1.026350e-07 -2.549439e+00 1.957242e-01
3.549014e+08 3.553334e+08 7.964328e-07 1.224389e-07 -2.699384e+00 1.689508e-01
3.553334e+08 3.557654e+08 1.028526e-06 1.203772e-07 -2.604449e+00 1.219857e-01
3.557654e+08 3.561974e+08 1.147903e-06 1.209061e-07 -2.530183e+00 1.081390e-01
3.561974e+08 3.566294e+08 6.697080e-07 9.298093e-08 -2.405389e+00 1.268087e-01
3.566294e+08 3.570614e+08 1.175253e-06 8.967054e-08 -2.323560e+00 7.242744e-02
3.570614e+08 3.574934e+08 6.119906e-07 7.273933e-08 -2.325604e+00 1.073582e-01
3.574934e+08 3.579254e+08 4.918751e-07 7.647059e-08 -2.433349e+00 1.446828e-01
3.579254e+08 3.583574e+08 4.438099e-07 8.192746e-08 -2.214159e+00 1.383778e-01
3.583574e+08 3.587894e+08 5.347867e-07 1.098689e-07 -2.538199e+00 1.893769e-01
3.587894e+08 3.592214e+08 5.048575e-07 9.722388e-08 -2.304613e+00 1.610125e-01
3.592214e+08 3.596534e+08 3.783710e-07 1.058225e-07 -2.847491e+00 3.295150e-01
3.596534e+08 3.600854e+08 3.796989e-07 9.867285e-08 -2.481887e+00 2.331542e-01
3.600854e+08 3.605174e+08 3.343287e-07 9.418374e-08 -2.547564e+00 2.619597e-01
3.605174e+08 3.609494e+08 4.464777e-07 8.862105e-08 -2.471522e+00 1.768149e-01
3.609494e+08 3.613814e+08 2.530041e-07 6.352852e-08 -2.314733e+00 2.051232e-01
3.613814e+08 3.618134e+08 4.830355e-07 6.531064e-08 -2.405350e+00 1.248208e-01
3.618134e+08 3.622454e+08 3.783792e-07 6.607327e-08 -2.485710e+00 1.664933e-01
3.622454e+08 3.626774e+08 2.855700e-07 7.050321e-08 -2.521896e+00 2.271140e-01
3.626774e+08 3.631094e+08 2.850878e-07 8.230511e-08 -2.272590e+00 2.094758e-01
3.631094e+08 3.635414e+08 2.988751e-07 1.098424e-07 -2.320141e+00 2.636124e-01
3.635414e+08 3.639734e+08 3.797394e-07 9.505507e-08 -2.494608e+00 2.249696e-01
3.639734e+08 3.644054e+08 2.713130e-07 1.020207e-07 -2.740071e+00 3.914536e-01
3.644054e+08 3.648374e+08 4.730883e-07 1.024226e-07 -2.437669e+00 1.898233e-01
3.648374e+08 3.652694e+08 3.297645e-07 8.677563e-08 -2.364569e+00 2.254766e-01
3.652694e+08 3.657014e+08 1.602137e-07 6.010024e-08 -2.199571e+00 2.634054e-01
3.657014e+08 3.661334e+08 2.482713e-07 5.871118e-08 -2.245284e+00 1.779049e-01
3.661334e+08 3.665654e+08 4.129915e-07 6.981283e-08 -2.825732e+00 2.068953e-01
3.665654e+08 3.669974e+08 4.022804e-07 7.106935e-08 -2.593362e+00 1.887849e-01
3.669974e+08 3.674294e+08 4.467993e-07 7.603757e-08 -2.357637e+00 1.427290e-01
3.674294e+08 3.678614e+08 1.093051e-06 1.289634e-07 -2.640720e+00 1.255063e-01
3.678614e+08 3.682934e+08 7.268565e-07 1.042160e-07 -2.229583e+00 1.122403e-01
3.682934e+08 3.687254e+08 6.040561e-07 1.089435e-07 -2.494146e+00 1.662772e-01
3.687254e+08 3.691574e+08 5.167336e-07 9.499054e-08 -2.377204e+00 1.629037e-01
3.691574e+08 3.695894e+08 3.987020e-07 1.053955e-07 -2.644681e+00 2.811798e-01
3.695894e+08 3.700214e+08 4.657051e-07 9.134134e-08 -2.378972e+00 1.649415e-01
3.700214e+08 3.704534e+08 2.827951e-07 1.064808e-07 -2.391526e+00 nan
3.704534e+08 3.708854e+08 4.292249e-07 1.178775e-07 -2.565205e+00 2.809184e-01
3.708854e+08 3.713174e+08 4.992930e-07 6.976818e-08 -2.425320e+00 1.274656e-01
3.713174e+08 3.717494e+08 3.792038e-07 7.154638e-08 -2.529331e+00 1.852000e-01
3.717494e+08 3.721814e+08 4.829107e-07 8.335443e-08 -2.260732e+00 1.439212e-01
3.721814e+08 3.726134e+08 3.718620e-07 9.154876e-08 -2.539631e+00 2.411815e-01
3.726134e+08 3.730454e+08 2.951893e-07 9.509322e-08 -2.242901e+00 2.238148e-01
3.730454e+08 3.734774e+08 3.663128e-07 9.974562e-08 -2.404798e+00 2.306545e-01
3.734774e+08 3.739094e+08 6.904194e-07 1.104866e-07 -2.407614e+00 1.498902e-01
3.739094e+08 3.743414e+08 1.121819e-07 6.798086e-08 -2.391526e+00 nan
3.743414e+08 3.747734e+08 4.409907e-07 8.882595e-08 -2.342632e+00 1.609028e-01
3.747734e+08 3.752054e+08 5.206854e-07 7.652815e-08 -2.324501e+00 1.239914e-01
3.752054e+08 3.756374e+08 4.037020e-07 6.272847e-08 -2.121855e+00 1.124424e-01
3.756374e+08 3.760694e+08 7.067349e-07 7.603268e-08 -2.312567e+00 9.642419e-02
3.760694e+08 3.765014e+08 4.234968e-07 7.826140e-08 -2.570567e+00 1.882003e-01
3.765014e+08 3.769334e+08 5.296725e-07 9.122999e-08 -2.581640e+00 1.649670e-01
3.769334e+08 3.773654e+08 1.371096e-06 1.259163e-07 -2.428609e+00 9.005696e-02
3.773654e+08 3.777974e+08 8.154242e-07 1.135773e-07 -2.540826e+00 1.510971e-01
3.777974e+08 3.782294e+08 4.019971e-07 8.725197e-08 -2.652446e+00 2.211183e-01
3.782294e+08 3.786614e+08 4.623111e-07 1.022092e-07 -2.590151e+00 2.059608e-01
3.786614e+08 3.790934e+08 4.136671e-07 9.380149e-08 -2.533602e+00 2.048854e-01
3.790934e+08 3.795254e+08 6.930341e-07 8.694644e-08 -2.750400e+00 1.529634e-01
3.795254e+08 3.799574e+08 8.934517e-07 8.122415e-08 -2.468951e+00 9.342124e-02
3.799574e+08 3.803894e+08 5.864357e-07 7.095130e-08 -2.455131e+00 1.147328e-01
3.803894e+08 3.808214e+08 6.447031e-07 7.293388e-08 -2.572943e+00 1.220243e-01
3.808214e+08 3.812534e+08 6.941063e-07 7.865488e-08 -2.362727e+00 1.024212e-01
3.812534e+08 3.816854e+08 1.086760e-06 1.113486e-07 -2.515731e+00 1.040540e-01
3.816854e+08 3.821174e+08 1.017587e-06 1.117365e-07 -2.261836e+00 9.310532e-02
3.821174e+08 3.825494e+08 9.844453e-07 1.110424e-07 -2.520745e+00 1.176513e-01
3.825494e+08 3.829814e+08 6.898368e-07 1.022064e-07 -2.585393e+00 1.513987e-01
3.829814e+08 3.834134e+08 6.991829e-07 9.594361e-08 -2.322018e+00 1.160564e-01
3.834134e+08 3.838454e+08 8.746453e-07 9.315626e-08 -2.356435e+00 9.528716e-02
3.838454e+08 3.842774e+08 2.869388e-07 7.950890e-08 -2.243764e+00 2.091084e-01
3.842774e+08 3.847094e+08 1.619163e-06 1.374324e-07 -2.482624e+00 9.171349e-02
3.847094e+08 3.851414e+08 1.527727e-06 9.734470e-08 -2.389563e+00 6.389613e-02
3.851414e+08 3.855734e+08 4.559727e-07 7.323890e-08 -2.352323e+00 1.411378e-01
3.855734e+08 3.860054e+08 5.736850e-07 9.193806e-08 -2.529802e+00 1.585763e-01
3.860054e+08 3.864374e+08 3.618723e-07 8.713309e-08 -2.270776e+00 1.786700e-01
3.864374e+08 3.868694e+08 1.909366e-07 6.919654e-08 -2.068924e+00 2.190568e-01
3.868694e+08 3.873014e+08 3.466932e-07 8.725415e-08 -2.311844e+00 1.939290e-01
3.873014e+08 3.877334e+08 3.032005e-07 7.813431e-08 -2.194543e+00 1.826118e-01
3.877334e+08 3.881654e+08 7.094718e-07 1.039157e-07 -2.328359e+00 1.232248e-01
3.881654e+08 3.885974e+08 6.915386e-07 1.087700e-07 -2.830097e+00 1.913562e-01
3.885974e+08 3.890294e+08 6.587531e-07 8.302746e-08 -2.691697e+00 1.455936e-01
3.890294e+08 3.894614e+08 6.575576e-07 7.769564e-08 -2.656490e+00 1.368246e-01
3.894614e+08 3.898934e+08 8.329207e-07 8.373555e-08 -2.491993e+00 1.035474e-01
3.898934e+08 3.903254e+08 4.632120e-07 9.470945e-08 -2.612260e+00 2.183321e-01
3.903254e+08 3.907574e+08 5.337484e-07 1.131304e-07 -2.352337e+00 1.759412e-01
3.907574e+08 3.911894e+08 3.979070e-07 9.628918e-08 -2.538501e+00 2.224160e-01
3.911894e+08 3.916214e+08 4.127293e-07 8.846351e-08 -2.430589e+00 1.905937e-01
3.916214e+08 3.920534e+08 6.406992e-07 1.132358e-07 -2.798761e+00 2.090979e-01
3.920534e+08 3.924854e+08 5.355999e-07 9.831634e-08 -2.309078e+00 1.483684e-01
3.924854e+08 3.929174e+08 5.993277e-07 9.517243e-08 -2.644298e+00 1.689269e-01
3.929174e+08 3.933494e+08 1.166398e-06 1.026589e-07 -2.538310e+00 9.662069e-02
3.933494e+08 3.937814e+08 3.845872e-07 6.437134e-08 -2.399889e+00 1.468931e-01
3.937814e+08 3.942134e+08 1.932763e-07 5.559078e-08 -2.507205e+00 2.481523e-01
3.942134e+08 3.946454e+08 2.327803e-07 6.582071e-08 -2.429946e+00 2.391635e-01
3.946454e+08 3.950774e+08 1.054739e-06 1.056358e-07 -2.478801e+00 1.022787e-01
3.950774e+08 3.955094e+08 8.365434e-07 1.205675e-07 -2.729587e+00 1.591214e-01
3.955094e+08 3.959414e+08 6.135288e-07 1.136486e-07 -2.484508e+00 1.724187e-01
3.959414e+08 3.963734e+08 2.716699e-07 9.368755e-08 -3.137900e+00 nan
3.963734e+08 3.968054e+08 3.887573e-07 1.075720e-07 -2.652434e+00 2.625526e-01
3.968054e+08 3.972374e+08 6.203222e-07 1.114345e-07 -2.466520e+00 1.676915e-01
3.972374e+08 3.976694e+08 1.176475e-06 1.236319e-07 -2.339529e+00 9.435956e-02
3.976694e+08 3.981014e+08 8.690016e-07 8.823007e-08 -2.305638e+00 9.128317e-02
3.981014e+08 3.985334e+08 7.010184e-07 9.221085e-08 -2.428113e+00 1.282609e-01
3.985334e+08 3.989654e+08 9.892959e-07 1.273503e-07 -2.386993e+00 1.193010e-01
3.989654e+08 3.993974e+08 1.484382e-06 1.233182e-07 -2.159631e+00 6.756663e-02
3.993974e+08 3.998294e+08 1.750226e-06 1.584170e-07 -2.408820e+00 8.541490e-02
3.998294e+08 4.002614e+08 2.402070e-06 1.778435e-07 -2.467162e+00 7.431311e-02
4.002614e+08 4.006934e+08 2.024344e-06 1.719157e-07 -2.547175e+00 9.098856e-02
4.006934e+08 4.011254e+08 1.240690e-06 1.337772e-07 -2.527780e+00 1.146327e-01
4.011254e+08 4.015574e+08 4.362712e-06 2.095142e-07 -2.322442e+00 4.595856e-02
4.015574e+08 4.019894e+08 1.466559e-06 1.445044e-07 -2.530507e+00 1.018778e-01
4.019894e+08 4.024214e+08 2.851071e-06 1.526005e-07 -2.358910e+00 5.245909e-02
4.024214e+08 4.028534e+08 2.090473e-06 1.193444e-07 -2.519232e+00 6.431285e-02
4.028534e+08 4.032854e+08 1.746730e-06 1.016603e-07 -2.387181e+00 5.879496e-02
4.032854e+08 4.037174e+08 2.383828e-06 1.208198e-07 -2.501696e+00 5.700226e-02
4.037174e+08 4.041494e+08 2.305982e-06 2.645579e-07 -2.684827e+00 1.480921e-01
4.041494e+08 4.045814e+08 2.494081e-06 1.053230e-07 -2.322745e+00 4.185043e-02
4.045814e+08 4.050134e+08 2.765569e-06 1.092202e-07 -2.199513e+00 3.609236e-02
4.050134e+08 4.054454e+08 9.700285e-07 1.267646e-07 -2.579184e+00 1.350919e-01
4.054454e+08 4.058774e+08 8.128585e-07 1.242365e-07 -2.495792e+00 1.511954e-01
4.058774e+08 4.063094e+08 1.580158e-06 1.401258e-07 -2.317190e+00 7.938822e-02
4.063094e+08 4.067414e+08 6.839791e-07 1.099837e-07 -2.556203e+00 1.555358e-01
4.067414e+08 4.071734e+08 5.147029e-07 7.821061e-08 -2.305946e+00 1.325505e-01
4.071734e+08 4.076054e+08 6.553169e-07 7.512031e-08 -2.381759e+00 1.072029e-01
4.076054e+08 4.080374e+08 6.731647e-07 7.165382e-08 -2.492459e+00 1.076068e-01
4.080374e+08 4.084694e+08 6.473319e-07 5.494899e-08 -2.384501e+00 8.015002e-02
4.084694e+08 4.089014e+08 5.042760e-07 6.276221e-08 -2.347447e+00 1.078591e-01
4.089014e+08 4.093334e+08 3.653217e-07 6.107604e-08 -2.419675e+00 1.479725e-01
4.093334e+08 4.097654e+08 3.734148e-07 6.180998e-08 -2.741964e+00 1.782120e-01
4.097654e+08 4.101974e+08 6.859425e-07 6.630515e-08 -2.426770e+00 9.504857e-02
4.101974e+08 4.106294e+08 3.925778e-07 5.328101e-08 -2.447378e+00 1.257810e-01
4.106294e+08 4.110614e+08 4.803246e-07 4.728348e-08 -2.531684e+00 1.052844e-01
4.110614e+08 4.114934e+08 3.095388e-07 4.252059e-08 -2.358950e+00 1.191204e-01
4.114934e+08 4.119254e+08 6.792615e-07 5.776553e-08 -2.482984e+00 8.576392e-02
4.261814e+08 4.266134e+08 7.836873e-07 7.733648e-08 -2.425085e+00 9.760198e-02
4.266134e+08 4.270454e+08 7.552064e-07 7.324620e-08 -2.485184e+00 9.732043e-02
4.270454e+08 4.274774e+08 8.403719e-07 7.069087e-08 -2.406463e+00 8.041812e-02
4.274774e+08 4.279094e+08 1.130821e-06 8.460710e-08 -2.517946e+00 8.002957e-02
4.279094e+08 4.283414e+08 1.038062e-06 9.178192e-08 -2.576712e+00 9.863444e-02
4.283414e+08 4.287734e+08 1.009016e-06 7.211917e-08 -2.442518e+00 7.233393e-02
4.287734e+08 4.292054e+08 1.063287e-06 6.579542e-08 -2.378358e+00 6.161928e-02
4.292054e+08 4.296374e+08 9.753042e-07 5.941077e-08 -2.402018e+00 6.186049e-02
4.296374e+08 4.300694e+08 7.828928e-07 5.668627e-08 -2.538346e+00 7.781415e-02
4.300694e+08 4.305014e+08 5.566066e-07 8.581006e-08 -2.468104e+00 1.474388e-01
4.305014e+08 4.309334e+08 3.774965e-07 6.765176e-08 -2.645314e+00 1.831211e-01
4.309334e+08 4.313654e+08 4.935875e-07 6.634967e-08 -2.624088e+00 1.393997e-01
4.313654e+08 4.317974e+08 5.935288e-07 6.298930e-08 -2.473400e+00 1.032527e-01
4.317974e+08 4.322294e+08 5.550181e-07 6.083276e-08 -2.297060e+00 9.398744e-02
4.322294e+08 4.326614e+08 1.077857e-06 7.816541e-08 -2.416057e+00 7.323207e-02
4.326614e+08 4.330934e+08 1.305863e-06 8.218745e-08 -2.510767e+00 6.963919e-02
4.330934e+08 4.335254e+08 7.240025e-07 6.258792e-08 -2.489400e+00 8.946196e-02
4.335254e+08 4.339574e+08 6.944505e-07 5.521090e-08 -2.307701e+00 7.309523e-02
4.339574e+08 4.343894e+08 5.481169e-07 5.204067e-08 -2.653949e+00 1.079397e-01
4.343894e+08 4.348214e+08 9.476632e-07 6.594450e-08 -2.649341e+00 8.122639e-02
4.348214e+08 4.352534e+08 1.040114e-06 7.532737e-08 -2.366264e+00 6.776334e-02
4.352534e+08 4.356854e+08 1.713450e-06 1.069899e-07 -2.393475e+00 6.082082e-02
4.356854e+08 4.361174e+08 1.028837e-06 8.665319e-08 -2.439516e+00 8.302606e-02
4.361174e+08 4.365494e+08 1.267684e-06 8.412631e-08 -2.339277e+00 6.166832e-02
4.365494e+08 4.369814e+08 1.754237e-06 9.106826e-08 -2.253912e+00 4.731639e-02
4.369814e+08 4.374134e+08 4.168594e-07 6.350238e-08 -2.595599e+00 1.556396e-01
4.374134e+08 4.378454e+08 2.654413e-07 5.556422e-08 -2.554343e+00 2.051149e-01
4.378454e+08 4.382774e+08 4.016650e-07 5.177499e-08 -2.536389e+00 1.319069e-01
4.382774e+08 4.387094e+08 6.071575e-07 5.404850e-08 -2.325709e+00 8.060412e-02
4.387094e+08 4.391414e+08 3.329314e-07 4.700885e-08 -2.433448e+00 1.250622e-01
4.391414e+08 4.395734e+08 5.695479e-07 6.685242e-08 -2.590860e+00 1.260078e-01
4.395734e+08 4.400054e+08 6.323362e-07 8.413085e-08 -2.358776e+00 1.151564e-01
4.400054e+08 4.404374e+08 4.628781e-07 7.336375e-08 -2.659044e+00 1.829274e-01
4.404374e+08 4.408694e+08 5.523830e-07 8.073680e-08 -2.417555e+00 1.293240e-01
4.408694e+08 4.413014e+08 3.651073e-07 8.997177e-08 -3.039123e+00 4.247567e-01
4.413014e+08 4.417334e+08 4.124293e-08 3.883077e-08 -2.391526e+00 nan
4.417334e+08 4.421654e+08 1.285069e-07 6.266219e-08 -2.226667e+00 3.260614e-01
4.421654e+08 4.425974e+08 7.823832e-08 4.742188e-08 -2.391526e+00 nan
4.425974e+08 4.430294e+08 1.447005e-07 5.719802e-08 -2.391526e+00 nan
4.430294e+08 4.434614e+08 2.401953e-07 6.085680e-08 -2.193335e+00 1.861501e-01
4.434614e+08 4.438934e+08 4.390247e-07 6.392802e-08 -2.185364e+00 1.129969e-01
4.438934e+08 4.443254e+08 8.823748e-07 7.613197e-08 -2.285139e+00 7.837946e-02
4.443254e+08 4.447574e+08 1.238997e-06 9.084539e-08 -2.579161e+00 8.440231e-02
4.447574e+08 4.451894e+08 7.986830e-07 7.819136e-08 -2.482868e+00 1.013964e-01
4.451894e+08 4.456214e+08 1.009362e-06 9.947344e-08 -2.570733e+00 1.080730e-01
4.456214e+08 4.460534e+08 8.662452e-07 1.014115e-07 -2.461011e+00 1.134623e-01
4.460534e+08 4.464854e+08 3.636597e-07 8.341107e-08 -2.501361e+00 2.077832e-01
4.464854e+08 4.469174e+08 3.755061e-07 8.619068e-08 -2.355876e+00 1.882569e-01
4.469174e+08 4.473494e+08 1.003859e-06 1.097844e-07 -2.484027e+00 1.109818e-01
4.473494e+08 4.477814e+08 4.635052e-07 9.615722e-08 -3.023285e+00 2.764686e-01
4.477814e+08 4.482134e+08 9.074327e-07 9.769403e-08 -2.492302e+00 1.064339e-01
4.482134e+08 4.486454e+08 2.084760e-06 9.749284e-08 -2.366568e+00 4.660214e-02
4.486454e+08 4.490774e+08 1.950272e-06 8.605023e-08 -2.264104e+00 4.076954e-02
4.490774e+08 4.495094e+08 2.100898e-06 9.109652e-08 -2.354960e+00 4.285986e-02
4.495094e+08 4.499414e+08 5.645424e-06 1.429120e-07 -2.211679e+00 2.353894e-02
4.499414e+08 4.503734e+08 2.195203e-06 1.531535e-07 -2.575519e+00 7.568578e-02
4.503734e+08 4.508054e+08 3.893149e-06 1.930682e-07 -2.442197e+00 5.111920e-02
4.508054e+08 4.512374e+08 2.441277e-06 1.692651e-07 -2.463907e+00 7.098762e-02
4.512374e+08 4.516694e+08 2.154089e-06 1.483575e-07 -2.297341e+00 6.360853e-02
4.516694e+08 4.521014e+08 2.526102e-06 1.642032e-07 -2.312289e+00 6.017854e-02
4.521014e+08 4.525334e+08 1.104650e-06 1.309313e-07 -2.600489e+00 1.259655e-01
4.525334e+08 4.529654e+08 1.969199e-06 1.316856e-07 -2.352567e+00 6.465210e-02
4.529654e+08 4.533974e+08 2.768339e-06 1.247268e-07 -2.279530e+00 4.381053e-02
4.533974e+08 4.538294e+08 4.957011e-06 1.489931e-07 -2.224327e+00 2.879625e-02
4.538294e+08 4.542614e+08 3.702876e-06 1.373755e-07 -2.181865e+00 3.388435e-02
4.542614e+08 4.546934e+08 3.511409e-06 1.578079e-07 -2.345376e+00 4.463337e-02
4.546934e+08 4.551254e+08 1.559657e-06 1.367125e-07 -2.424369e+00 8.391300e-02
4.551254e+08 4.555574e+08 1.427590e-06 1.402927e-07 -2.335927e+00 8.819769e-02
4.555574e+08 4.559894e+08 8.972826e-07 1.299161e-07 -2.623336e+00 1.510460e-01
4.559894e+08 4.564214e+08 1.282673e-06 8.852213e-08 -2.382203e+00 6.720737e-02
4.564214e+08 4.568534e+08 1.831687e-06 9.793197e-08 -2.490851e+00 5.762963e-02
4.568534e+08 4.572854e+08 1.923119e-06 1.496190e-07 -2.508582e+00 8.119043e-02
4.572854e+08 4.577174e+08 1.204362e-06 1.060111e-07 -2.396447e+00 8.526047e-02
4.577174e+08 4.581494e+08 1.909406e-06 1.112268e-07 -2.483591e+00 6.374418e-02
4.581494e+08 4.585814e+08 2.166112e-06 1.114299e-07 -2.449922e+00 5.497394e-02
4.585814e+08 4.590134e+08 3.278443e-06 1.393012e-07 -2.329604e+00 4.272785e-02
4.590134e+08 4.594454e+08 1.740579e-06 1.253154e-07 -2.233997e+00 6.220760e-02
4.594454e+08 4.598774e+08 1.172982e-06 1.361050e-07 -2.495396e+00 1.146254e-01
4.598774e+08 4.603094e+08 8.605082e-07 1.278485e-07 -2.594771e+00 1.587405e-01
4.603094e+08 4.607414e+08 1.644072e-06 1.428235e-07 -2.343651e+00 8.062585e-02
4.607414e+08 4.611734e+08 6.428798e-06 2.219842e-07 -1.922043e+00 2.500689e-02
4.611734e+08 4.616054e+08 2.622931e-06 1.645179e-07 -2.301828e+00 5.675097e-02
4.616054e+08 4.620374e+08 8.622495e-07 1.064617e-07 -2.399372e+00 1.096675e-01
4.620374e+08 4.624694e+08 8.577673e-07 8.949763e-08 -2.416695e+00 1.002561e-01
4.624694e+08 4.629014e+08 5.459369e-07 7.716123e-08 -2.650913e+00 1.531147e-01
4.629014e+08 4.633334e+08 5.588568e-07 7.222392e-08 -2.575793e+00 1.373576e-01
4.633334e+08 4.637654e+08 1.313313e-06 1.061829e-07 -2.432048e+00 8.092957e-02
4.637654e+08 4.641974e+08 1.130263e-06 1.217536e-07 -2.517338e+00 1.086524e-01
4.641974e+08 4.646294e+08 1.144972e-06 1.342513e-07 -2.580397e+00 1.218082e-01
4.646294e+08 4.650614e+08 7.572136e-07 1.174289e-07 -2.474235e+00 1.491525e-01
4.650614e+08 4.654934e+08 1.334682e-06 1.322088e-07 -2.227590e+00 8.396163e-02
4.654934e+08 4.659254e+08 7.126668e-07 1.039947e-07 -2.255922e+00 1.194759e-01
4.659254e+08 4.663574e+08 4.407471e-07 9.381235e-08 -2.304912e+00 1.666353e-01
4.663574e+08 4.667894e+08 4.153769e-07 7.590494e-08 -2.427344e+00 1.606631e-01
4.667894e+08 4.672214e+08 2.227270e-07 5.360105e-08 -2.336753e+00 1.882195e-01
4.672214e+08 4.676534e+08 3.016295e-07 5.738938e-08 -2.331318e+00 1.572240e-01
4.676534e+08 4.680854e+08 2.287108e-07 5.581583e-08 -2.252638e+00 1.866478e-01
4.680854e+08 4.685174e+08 3.999640e-07 8.872350e-08 -2.499397e+00 2.072263e-01
4.685174e+08 4.689494e+08 4.111271e-07 9.893239e-08 -2.474399e+00 2.095659e-01
4.689494e+08 4.693814e+08 2.916503e-07 1.043685e-07 -3.315605e+00 nan
4.693814e+08 4.698134e+08 2.392651e-07 8.966995e-08 -2.639073e+00 3.343952e-01
4.698134e+08 4.702454e+08 3.553946e-07 8.413658e-08 -2.255143e+00 1.799447e-01
4.702454e+08 4.706774e+08 4.379010e-07 1.006484e-07 -2.457021e+00 1.983290e-01
4.706774e+08 4.711094e+08 1.774304e-07 7.195692e-08 -2.558784e+00 3.322232e-01
4.711094e+08 4.715414e+08 1.791619e-07 6.694574e-08 -2.537784e+00 3.258929e-01
4.715414e+08 4.719734e+08 1.884708e-07 5.167429e-08 -2.454653e+00 2.348223e-01
4.719734e+08 4.724054e+08 2.294899e-07 5.614875e-08 -2.238117e+00 1.765454e-01
4.724054e+08 4.728374e+08 5.662762e-07 7.567911e-08 -2.502623e+00 1.360348e-01
4.728374e+08 4.732694e+08 5.947415e-07 7.940115e-08 -2.219858e+00 1.057159e-01
4.732694e+08 4.737014e+08 4.422960e-07 8.464534e-08 -2.398431e+00 1.669598e-01
4.737014e+08 4.741334e+08 2.257757e-07 8.786392e-08 -2.515401e+00 3.245522e-01
4.741334e+08 4.745654e+08 1.886493e-07 7.636773e-08 -2.586002e+00 nan
4.745654e+08 4.749974e+08 2.171895e-07 7.643116e-08 -2.595583e+00 3.241436e-01
4.749974e+08 4.754294e+08 2.480014e-07 6.835612e-08 -2.361784e+00 2.200469e-01
4.754294e+08 4.758614e+08 1.385246e-07 5.333865e-08 -2.113409e+00 2.354909e-01
4.758614e+08 4.762934e+08 8.770303e-08 4.253830e-08 -1.806387e+00 2.296465e-01
4.762934e+08 4.767254e+08 1.914714e-07 4.923288e-08 -2.445632e+00 2.346474e-01
4.767254e+08 4.771574e+08 1.375878e-07 4.981134e-08 -2.132093e+00 2.260801e-01
4.771574e+08 4.775894e+08 2.850761e-07 5.761593e-08 -2.199487e+00 1.497874e-01
4.775894e+08 4.780214e+08 9.667369e-08 5.821036e-08 -2.059300e+00 3.195031e-01
4.780214e+08 4.784534e+08 4.408564e-07 8.484279e-08 -2.254458e+00 1.465395e-01
4.784534e+08 4.788854e+08 2.407534e-07 7.909755e-08 -2.371186e+00 2.555386e-01
4.788854e+08 4.793174e+08 8.129336e-08 5.068790e-08 -1.948629e+00 3.078894e-01
4.793174e+08 4.797494e+08 3.109595e-07 8.182718e-08 -2.728601e+00 2.645868e-01
4.797494e+08 4.801814e+08 2.004742e-07 6.808071e-08 -2.516276e+00 3.017873e-01
4.801814e+08 4.806134e+08 1.456989e-07 4.914904e-08 -2.391526e+00 nan
4.806134e+08 4.810454e+08 2.258182e-07 6.046111e-08 -2.398783e+00 2.215360e-01
4.810454e+08 4.814774e+08 2.646356e-07 5.910362e-08 -2.630679e+00 2.323538e-01
4.814774e+08 4.819094e+08 3.516033e-07 7.077562e-08 -2.587946e+00 2.025171e-01
4.819094e+08 4.823414e+08 6.020674e-07 9.940792e-08 -2.712738e+00 1.790650e-01
4.823414e+08 4.827734e+08 4.621907e-07 8.971872e-08 -2.338359e+00 1.627969e-01
4.827734e+08 4.832054e+08 6.341433e-07 1.130499e-07 -2.419728e+00 1.596189e-01
4.832054e+08 4.836374e+08 3.804288e-07 9.901377e-08 -2.240767e+00 1.993436e-01
4.836374e+08 4.840694e+08 4.447990e-07 9.599578e-08 -2.237203e+00 1.659422e-01
4.840694e+08 4.845014e+08 3.107641e-07 9.005822e-08 -2.258708e+00 2.005030e-01
4.845014e+08 4.849334e+08 4.341979e-07 9.468091e-08 -2.289525e+00 1.715059e-01
4.849334e+08 4.853654e+08 2.006662e-07 5.774807e-08 -2.249428e+00 2.038021e-01
4.853654e+08 4.857974e+08 4.608197e-07 6.886439e-08 -2.531388e+00 1.519368e-01
4.857974e+08 4.862294e+08 3.344091e-07 6.295952e-08 -2.361366e+00 1.578959e-01
4.862294e+08 4.866614e+08 7.861875e-07 8.355445e-08 -2.006852e+00 7.478515e-02
4.866614e+08 4.870934e+08 6.387404e-07 1.018202e-07 -2.531540e+00 1.550073e-01
4.870934e+08 4.875254e+08 7.751207e-07 1.256623e-07 -2.858711e+00 2.008374e-01
4.875254e+08 4.879574e+08 4.816636e-07 7.670853e-08 -2.638484e+00 1.709549e-01
4.879574e+08 4.883894e+08 8.083302e-07 7.179440e-08 -2.402286e+00 8.541261e-02
4.883894e+08 4.888214e+08 5.411970e-07 1.042594e-07 -2.237662e+00 1.461215e-01
4.888214e+08 4.892534e+08 5.115944e-07 1.030790e-07 -2.756339e+00 2.238804e-01
4.892534e+08 4.896854e+08 5.192401e-07 8.635556e-08 -2.522069e+00 1.628382e-01
4.896854e+08 4.901174e+08 4.079092e-07 6.643704e-08 -2.602206e+00 1.688561e-01
4.901174e+08 4.905494e+08 3.592703e-07 5.884816e-08 -2.253584e+00 1.317698e-01
4.905494e+08 4.909814e+08 4.335229e-07 5.467186e-08 -2.488605e+00 1.205740e-01
4.909814e+08 4.914134e+08 4.165457e-07 7.589394e-08 -2.457022e+00 1.687265e-01
4.914134e+08 4.918454e+08 6.839988e-07 1.200341e-07 -2.481268e+00 1.553162e-01
4.918454e+08 4.922774e+08 1.135901e-06 2.315246e-07 -2.441374e+00 1.782826e-01
4.922774e+08 4.927094e+08 1.542444e-06 1.591973e-07 -2.390291e+00 9.752749e-02
4.927094e+08 4.931414e+08 6.528013e-07 1.114053e-07 -2.466734e+00 1.623866e-01
4.931414e+08 4.935734e+08 6.257736e-07 1.074001e-07 -2.431040e+00 1.488595e-01
4.935734e+08 4.940054e+08 1.002104e-06 1.091781e-07 -2.480791e+00 1.075725e-01
4.940054e+08 4.944374e+08 1.588710e-06 1.094595e-07 -2.543718e+00 7.803238e-02
4.944374e+08 4.948694e+08 3.297639e-06 1.308154e-07 -2.432291e+00 4.328210e-02
4.948694e+08 4.953014e+08 1.929519e-06 1.061022e-07 -2.357750e+00 5.534368e-02
4.953014e+08 4.957334e+08 2.170579e-06 1.271307e-07 -2.543383e+00 6.618128e-02
4.957334e+08 4.961654e+08 3.314078e-06 1.739787e-07 -2.528808e+00 5.750454e-02
4.961654e+08 4.965974e+08 1.613745e-06 1.464810e-07 -2.481001e+00 8.959292e-02
4.965974e+08 4.970294e+08 8.618791e-07 6.769510e-08 -2.488617e+00 8.350442e-02
4.970294e+08 4.974614e+08 5.253578e-07 7.790903e-08 -2.807800e+00 1.928357e-01
4.974614e+08 4.978934e+08 7.423706e-07 1.188804e-07 -2.499376e+00 1.516792e-01
4.978934e+08 4.983254e+08 1.292910e-06 1.415938e-07 -2.354167e+00 9.934572e-02
4.983254e+08 4.987574e+08 4.599495e-07 8.175309e-08 -2.278196e+00 1.405142e-01
4.987574e+08 4.991894e+08 5.130802e-07 8.195392e-08 -2.647475e+00 1.762881e-01
4.991894e+08 4.996214e+08 6.657682e-07 7.023331e-08 -2.371797e+00 9.254749e-02
4.996214e+08 5.000534e+08 5.130395e-07 6.771922e-08 -2.624807e+00 1.364083e-01
5.000534e+08 5.004854e+08 3.200139e-07 6.086368e-08 -2.556606e+00 1.832027e-01
5.004854e+08 5.009174e+08 2.629486e-07 5.011420e-08 -2.242855e+00 1.474130e-01
5.009174e+08 5.013494e+08 1.702498e-07 5.912869e-08 -2.391526e+00 nan
5.013494e+08 5.017814e+08 2.566849e-07 8.416473e-08 -2.078962e+00 2.084974e-01
5.017814e+08 5.022134e+08 4.927829e-07 1.140409e-07 -2.929643e+00 2.852661e-01
5.022134e+08 5.026454e+08 3.492648e-07 9.807363e-08 -2.685532e+00 2.749417e-01
5.026454e+08 5.030774e+08 3.304417e-07 8.597623e-08 -2.411996e+00 2.088808e-01
5.030774e+08 5.035094e+08 3.655881e-07 6.563289e-08 -2.183908e+00 1.387581e-01
5.035094e+08 5.039414e+08 3.273492e-07 8.252881e-08 -2.622704e+00 2.494300e-01
5.039414e+08 5.043734e+08 2.858555e-07 6.354841e-08 -2.221606e+00 1.631629e-01
5.043734e+08 5.048054e+08 5.974122e-07 8.169154e-08 -2.111434e+00 1.011191e-01
5.048054e+08 5.052374e+08 3.175172e-07 8.624897e-08 -2.415719e+00 2.215386e-01
5.052374e+08 5.056694e+08 5.785763e-07 1.011048e-07 -2.310969e+00 1.417028e-01
5.056694e+08 5.061014e+08 6.633162e-07 1.089772e-07 -2.271717e+00 1.326656e-01
5.061014e+08 5.065334e+08 9.804402e-07 1.131471e-07 -2.042096e+00 8.154962e-02
5.065334e+08 5.069654e+08 1.706797e-07 6.763269e-08 -1.964826e+00 2.238826e-01
5.069654e+08 5.073974e+08 2.195376e-07 7.203963e-08 -2.188657e+00 2.111568e-01
5.073974e+08 5.078294e+08 4.855866e-07 8.723532e-08 -2.612972e+00 1.787250e-01
5.078294e+08 5.082614e+08 5.950545e-07 6.810165e-08 -2.258874e+00 9.795695e-02
5.082614e+08 5.086934e+08 5.960461e-07 7.002847e-08 -2.466347e+00 1.187832e-01
5.086934e+08 5.091254e+08 5.897956e-07 7.482430e-08 -2.348478e+00 1.122982e-01
5.091254e+08 5.095574e+08 8.414324e-07 9.150438e-08 -2.289288e+00 9.427992e-02
5.095574e+08 5.099894e+08 7.233235e-07 1.037486e-07 -2.307114e+00 1.181114e-01
5.099894e+08 5.104214e+08 3.663523e-07 9.749485e-08 -2.459570e+00 2.289697e-01
5.104214e+08 5.108534e+08 5.140391e-07 1.062045e-07 -2.602077e+00 2.106788e-01
5.108534e+08 5.112854e+08 1.478227e-07 6.247926e-08 -2.391526e+00 nan
5.112854e+08 5.117174e+08 4.862588e-07 1.168180e-07 -2.846514e+00 2.662866e-01
5.117174e+08 5.121494e+08 3.259342e-07 7.681006e-08 -2.290528e+00 1.791947e-01
5.121494e+08 5.125814e+08 3.057455e-07 7.028611e-08 -2.503177e+00 2.110959e-01
5.125814e+08 5.130134e+08 4.421478e-07 6.506866e-08 -2.405495e+00 1.300097e-01
5.130134e+08 5.134454e+08 2.868188e-07 5.004533e-08 -2.302258e+00 1.364096e-01
5.134454e+08 5.138774e+08 4.610971e-07 7.411524e-08 -2.686850e+00 1.857129e-01
5.138774e+08 5.143094e+08 3.337234e-07 7.768411e-08 -2.316154e+00 1.841629e-01
5.143094e+08 5.147414e+08 5.073395e-07 1.010276e-07 -2.570032e+00 1.877076e-01
5.147414e+08 5.151734e+08 1.000241e-06 1.209371e-07 -2.432978e+00 1.154770e-01
5.151734e+08 5.156054e+08 4.763525e-07 9.829230e-08 -2.199626e+00 1.587298e-01
5.156054e+08 5.160374e+08 6.696023e-08 5.646991e-08 -2.391526e+00 nan
5.160374e+08 5.164694e+08 3.628071e-07 9.481402e-08 -2.544622e+00 2.343979e-01
5.164694e+08 5.169014e+08 2.315635e-07 7.595088e-08 -2.645090e+00 2.957126e-01
5.169014e+08 5.173334e+08 1.149466e-07 5.065580e-08 -2.280416e+00 2.978349e-01
5.173334e+08 5.177654e+08 1.205332e-07 4.710123e-08 -2.368469e+00 2.976740e-01
5.177654e+08 5.181974e+08 1.241797e-07 4.073842e-08 -1.927948e+00 1.868814e-01
5.181974e+08 5.186294e+08 1.399393e-07 4.748151e-08 -2.391526e+00 nan
5.186294e+08 5.190614e+08 3.460689e-07 9.174972e-08 -2.422658e+00 2.310991e-01
5.190614e+08 5.194934e+08 2.732455e-07 8.616085e-08 -2.486639e+00 2.726796e-01
5.194934e+08 5.199254e+08 2.707885e-07 9.688503e-08 -2.377008e+00 2.861075e-01
5.199254e+08 5.203574e+08 1.097338e-07 5.247918e-08 -2.391526e+00 nan
5.203574e+08 5.207894e+08 2.282204e-07 6.129785e-08 -2.554843e+00 2.417813e-01
5.207894e+08 5.212214e+08 2.249325e-07 8.232968e-08 -2.561110e+00 3.341980e-01
5.212214e+08 5.216534e+08 2.080422e-07 7.004336e-08 -2.319433e+00 2.535206e-01
5.216534e+08 5.220854e+08 3.896047e-07 6.637516e-08 -2.625716e+00 2.048382e-01
5.220854e+08 5.225174e+08 1.838381e-07 5.219116e-08 -2.661966e+00 2.735794e-01
5.225174e+08 5.229494e+08 1.312150e-07 5.169089e-08 -2.128323e+00 2.509515e-01
5.229494e+08 5.233814e+08 2.145965e-07 7.112448e-08 -2.362312e+00 2.507559e-01
5.233814e+08 5.238134e+08 1.509741e-07 6.008491e-08 -2.391526e+00 nan
5.238134e+08 5.242454e+08 1.672202e-07 7.211325e-08 -2.273982e+00 2.973887e-01
5.242454e+08 5.246774e+08 6.654959e-08 5.982188e-08 -2.391526e+00 nan
5.246774e+08 5.251094e+08 1.931957e-07 6.491163e-08 -2.391526e+00 nan
5.251094e+08 5.255414e+08 4.045874e-07 9.440951e-08 -2.519817e+00 2.070165e-01
5.255414e+08 5.259734e+08 4.132567e-07 8.696164e-08 -2.289243e+00 1.642489e-01
5.259734e+08 5.264054e+08 5.828579e-07 7.686176e-08 -2.230927e+00 1.060697e-01
5.264054e+08 5.268374e+08 5.884547e-07 6.848439e-08 -2.325679e+00 1.069754e-01
5.268374e+08 5.272694e+08 3.654617e-07 6.254437e-08 -2.838429e+00 2.063701e-01
5.272694e+08 5.277014e+08 5.716748e-07 6.904348e-08 -2.321621e+00 1.040798e-01
5.277014e+08 5.281334e+08 4.645241e-07 9.823277e-08 -2.407515e+00 1.697111e-01
5.281334e+08 5.285654e+08 2.929469e-07 8.453326e-08 -2.486029e+00 2.427266e-01
5.285654e+08 5.289974e+08 1.472911e-07 6.531941e-08 -2.391526e+00 nan
5.289974e+08 5.294294e+08 2.396072e-07 8.582670e-08 -2.217721e+00 2.719949e-01
5.294294e+08 5.298614e+08 2.438408e-07 7.383858e-08 -2.108166e+00 1.957300e-01
5.298614e+08 5.302934e+08 1.371556e-07 5.998777e-08 -1.925507e+00 2.321607e-01
5.302934e+08 5.307254e+08 1.577242e-07 6.840210e-08 -2.120985e+00 2.486291e-01
5.307254e+08 5.311574e+08 3.372393e-07 6.176185e-08 -2.415985e+00 1.629104e-01
5.311574e+08 5.315894e+08 3.757641e-07 6.588233e-08 -2.523734e+00 1.669218e-01
5.315894e+08 5.320214e+08 1.746232e-07 5.085762e-08 -2.261755e+00 2.203280e-01
5.320214e+08 5.324534e+08 1.252238e-07 5.202365e-08 -2.452965e+00 nan
5.324534e+08 5.328854e+08 4.240782e-07 1.077307e-07 -2.655171e+00 2.552292e-01
5.328854e+08 5.333174e+08 2.017546e-07 7.677872e-08 -2.396336e+00 2.864483e-01
5.333174e+08 5.337494e+08 7.994257e-08 5.675405e-08 -2.391526e+00 nan
5.337494e+08 5.341814e+08 4.671157e-07 1.064203e-07 -2.570883e+00 2.160597e-01
5.341814e+08 5.346134e+08 4.951210e-07 1.010141e-07 -2.539374e+00 2.036423e-01
5.346134e+08 5.350454e+08 4.000051e-07 9.300352e-08 -2.818224e+00 2.582669e-01
5.350454e+08 5.354774e+08 4.710280e-07 7.666087e-08 -2.518275e+00 1.643749e-01
5.354774e+08 5.359094e+08 3.746884e-07 6.257456e-08 -2.225698e+00 1.270534e-01
5.359094e+08 5.363414e+08 2.407367e-07 6.038548e-08 -2.650895e+00 2.542122e-01
5.363414e+08 5.367734e+08 2.139160e-07 6.054210e-08 -2.493321e+00 2.519152e-01
5.367734e+08 5.372054e+08 3.610954e-07 7.177371e-08 -2.363616e+00 1.664761e-01
5.372054e+08 5.376374e+08 3.278831e-07 7.516280e-08 -2.300099e+00 1.767193e-01
5.376374e+08 5.380694e+08 4.730877e-07 1.005856e-07 -2.455905e+00 1.859255e-01
5.380694e+08 5.385014e+08 5.001253e-07 1.067037e-07 -2.441630e+00 1.816269e-01
5.385014e+08 5.389334e+08 2.521480e-07 7.664754e-08 -2.398538e+00 2.563758e-01
5.389334e+08 5.393654e+08 3.133356e-07 6.356775e-08 -2.390824e+00 1.741367e-01
5.393654e+08 5.397974e+08 2.665612e-07 6.111889e-08 -2.568930e+00 2.098111e-01
5.397974e+08 5.402294e+08 3.205767e-07 6.520044e-08 -2.672310e+00 2.195725e-01
5.402294e+08 5.406614e+08 2.353669e-07 6.060896e-08 -2.744609e+00 3.063215e-01
5.406614e+08 5.410934e+08 1.798709e-07 4.886179e-08 -2.333133e+00 2.147365e-01
5.410934e+08 5.415254e+08 3.760584e-07 7.234855e-08 -2.814717e+00 2.292994e-01
5.415254e+08 5.419574e+08 2.328777e-07 6.099613e-08 -2.044808e+00 1.677473e-01
5.419574e+08 5.423894e+08 5.111027e-07 1.098602e-07 -3.568930e+00 4.797619e-01
5.423894e+08 5.428214e+08 2.997288e-07 1.051103e-07 -2.482038e+00 2.867079e-01
